Point(1)={0,0,0,0.015599999999999999};
Point(2)={1,0,0,0.015599999999999999};
Point(3)={0.57155049800000002,0.72973168276075584,0,0.015599999999999999};
Line(1)={1,2};Line(2)={2,3};Line(3)={3,1};
Line Loop(1)={1,2,3};Plane Surface(1)={1};
