Point(1)={0,0,0,0.083333333329999996};
Point(2)={1,0,0,0.083333333329999996};
Point(3)={0.53750000000000009,0.087956974590079118,0,0.083333333329999996};
Line(1)={1,2};Line(2)={2,3};Line(3)={3,1};
Line Loop(1)={1,2,3};Plane Surface(1)={1};
