Point(1)={0,0,0,0.015625};
Point(2)={1,0,0,0.015625};
Point(3)={0.5,0.85822540378443868,0,0.015625};
Line(1)={1,2};Line(2)={2,3};Line(3)={3,1};
Line Loop(1)={1,2,3};Plane Surface(1)={1};
