Point(1)={0,0,0,0.080000000000000001};
Point(2)={1,0,0,0.080000000000000001};
Point(3)={0.5,0.8660254037844387,0,0.080000000000000001};
Line(1)={1,2};Line(2)={2,3};Line(3)={3,1};
Line Loop(1)={1,2,3};Plane Surface(1)={1};
