Point(1)={0,0,0,0.1249};
Point(2)={1,0,0,0.1249};
Point(3)={0.56015624999999991,0.81376273577033753,0,0.1249};
Line(1)={1,2};Line(2)={2,3};Line(3)={3,1};
Line Loop(1)={1,2,3};Plane Surface(1)={1};
