Point(1)={0,0,0,0.11111111111111112};
Point(2)={1,0,0,0.11111111111111112};
Point(3)={0.5,0.86122540378443869,0,0.11111111111111112};
Line(1)={1,2};Line(2)={2,3};Line(3)={3,1};
Line Loop(1)={1,2,3};Plane Surface(1)={1};
