Point(1)={0,0,0,0.1249};
Point(2)={1,0,0,0.1249};
Point(3)={0.54609375000000004,0.80082477293801735,0,0.1249};
Line(1)={1,2};Line(2)={2,3};Line(3)={3,1};
Line Loop(1)={1,2,3};Plane Surface(1)={1};
